
Group 1:
1004
1044
1133
1173
1232
1233
1240
1368
1370
1384
1493
1554
1667
1682
1695
1827
1890
2125
2153
2196
2275
2413
2478
2603
2730
2791
2917
3113
3120
3129
3451
3455
3639
3849
3858
4025
4030
4130
4199
4305
4393
4586
4618
4628
4827
5097
5338
5729
5753
6075
6496
6641
6649
6748
6882
7023
7161
7215
7527
8108
8213
8750
8752
8760
9404
9453
9481
9518
9592
9817
9927
Group 2:
1234
Group 3:
2345
Group 4:
3425
Group 5:
4345
Group 1:
1004
1044
1133
1173
1232
1233
1240
1368
1370
1384
1493
1554
1667
1682
1695
1827
1890
2125
2153
2196
2275
2413
2478
2603
2730
2791
2917
3113
3120
3129
3451
3455
3639
3849
3858
4025
4030
4130
4199
4305
4393
4586
4618
4628
4827
5097
5338
5729
5753
6075
6496
6641
6649
6748
6882
7023
7161
7215
7527
8108
8213
8750
8752
8760
9404
9453
9481
9518
9592
9817
9927
Group 2:
1234
Group 3:
2345
Group 4:
3425
Group 5:
4345
Group 1:
1004
1044
1133
1173
1232
1233
1240
1368
1370
1384
1493
1554
1667
1682
1695
1827
1890
2125
2153
2196
2275
2413
2478
2603
2730
2791
2917
3113
3120
3129
3451
3455
3639
3849
3858
4025
4030
4130
4199
4305
4393
4586
4618
4628
4827
5097
5338
5729
5753
6075
6496
6641
6649
6748
6882
7023
7161
7215
7527
8108
8213
8750
8752
8760
9404
9453
9481
9518
9592
9817
9927
Group 2:
1234
Group 3:
2345
Group 4:
3425
Group 5:
4345
Group 1:
1004
1044
1133
1173
1232
1233
1240
1368
1370
1384
1493
1554
1667
1682
1695
1827
1890
2125
2153
2196
2275
2413
2478
2603
2730
2791
2917
3113
3120
3129
3451
3455
3639
3849
3858
4025
4030
4130
4199
4305
4393
4586
4618
4628
4827
5097
5338
5729
5753
6075
6496
6641
6649
6748
6882
7023
7161
7215
7527
8108
8213
8750
8752
8760
9404
9453
9481
9518
9592
9817
9927
Group 2:
1234
Group 3:
2345
Group 4:
3425
Group 5:
4345